5.300000000000000000e+01
5.800000000000000000e+01
6.300000000000000000e+01
6.800000000000000000e+01
7.400000000000000000e+01
8.100000000000000000e+01
8.800000000000000000e+01
9.500000000000000000e+01
1.030000000000000000e+02
1.110000000000000000e+02
1.210000000000000000e+02
1.310000000000000000e+02
1.420000000000000000e+02
1.540000000000000000e+02
1.670000000000000000e+02
1.810000000000000000e+02
1.970000000000000000e+02
2.160000000000000000e+02
2.360000000000000000e+02
2.590000000000000000e+02
2.850000000000000000e+02
3.160000000000000000e+02
3.510000000000000000e+02
3.930000000000000000e+02
4.440000000000000000e+02
5.050000000000000000e+02
5.820000000000000000e+02
6.810000000000000000e+02
8.130000000000000000e+02
9.980000000000000000e+02
